# id	left	top	right	bottom	texture_id
[SPRITES]
#WALK_RIGHT
41001	455	121	476	161	30
41002	432	121	453	161	30

#WALK_LEFT
41003	4	121	25	161	10
41004	27	121	45	161	10

#SHELL
42001	205	30	220	45	100

#KICK
43001	205	30	220	45	100
43002	222	30	237	45	100
43003	239	30	254	45	100
43004	256	30	271	45	100

# ani_id	sprite1_id	time1	sprite2_id	time2	...
[ANIMATIONS]

#WALK_RIGHT
6000	41001	150	41002	150

#WALK_LEFT
6001	41003	150	41004	150

#SHELL
6002	42001	100

#KICK
6003	43001	150	43002	150	43003	150	43004	150